0 100 57 91 67 41 68 90 43 92 
100 0 50 65 30 61 10 77 98 86 
57 50 0 31 48 19 65 18 76 34 
91 65 31 0 72 96 49 65 3 12 
67 30 48 72 0 85 13 3 3 10 
41 61 19 96 85 0 45 1 27 87 
68 10 65 49 13 45 0 9 79 59 
90 77 18 65 3 1 9 0 74 58 
43 98 76 3 3 27 79 74 0 9 
92 86 34 12 10 87 59 58 9 0 
