0 49 14 22 59 50 18 37 63 76 19 
49 0 45 39 48 12 19 44 39 88 79 
14 45 0 27 25 38 12 9 70 4 38 
22 39 27 0 46 85 78 71 57 89 100 
59 48 25 46 0 28 26 50 66 60 98 
50 12 38 85 28 0 3 82 18 70 18 
18 19 12 78 26 3 0 31 83 91 3 
37 44 9 71 50 82 31 0 64 30 45 
63 39 70 57 66 18 83 64 0 9 23 
76 88 4 89 60 70 91 30 9 0 11 
19 79 38 100 98 18 3 45 23 11 0 
