0 11 24 46 74 66 1 32 59 12 50 48 
11 0 80 36 92 27 17 1 13 91 52 4 
24 80 0 60 81 73 10 38 84 39 97 89 
46 36 60 0 41 1 35 88 42 80 29 9 
74 92 81 41 0 19 86 7 77 10 93 69 
66 27 73 1 19 0 49 12 9 56 22 14 
1 17 10 35 86 49 0 17 58 83 47 74 
32 1 38 88 7 12 17 0 63 41 84 77 
59 13 84 42 77 9 58 63 0 33 2 9 
12 91 39 80 10 56 83 41 33 0 58 30 
50 52 97 29 93 22 47 84 2 58 0 70 
48 4 89 9 69 14 74 77 9 30 70 0 
