0 16 96 32 44 45 38 40 4 18 1 67 86 
16 0 36 54 16 55 72 96 56 28 14 10 62 
96 36 0 20 24 6 75 29 29 59 43 57 91 
32 54 20 0 44 20 80 28 17 82 76 85 26 
44 16 24 44 0 16 28 54 34 81 11 62 2 
45 55 6 20 16 0 52 16 60 33 53 6 81 
38 72 75 80 28 52 0 15 97 14 1 19 51 
40 96 29 28 54 16 15 0 97 7 83 65 45 
4 56 29 17 34 60 97 97 0 71 65 95 16 
18 28 59 82 81 33 14 7 71 0 42 47 67 
1 14 43 76 11 53 1 83 65 42 0 22 49 
67 10 57 85 62 6 19 65 95 47 22 0 61 
86 62 91 26 2 81 51 45 16 67 49 61 0 
