0 58 88 28 41 38 82 4 2 30 93 45 32 82 
58 0 95 39 10 50 50 59 49 21 11 2 14 35 
88 95 0 55 62 100 42 84 86 3 33 93 30 32 
28 39 55 0 97 67 58 58 19 100 1 7 64 52 
41 10 62 97 0 22 55 67 67 31 17 54 93 90 
38 50 100 67 22 0 54 86 45 68 89 92 17 34 
82 50 42 58 55 54 0 58 63 44 50 10 54 36 
4 59 84 58 67 86 58 0 4 8 15 43 30 38 
2 49 86 19 67 45 63 4 0 96 58 66 29 5 
30 21 3 100 31 68 44 8 96 0 82 19 76 86 
93 11 33 1 17 89 50 15 58 82 0 69 13 67 
45 2 93 7 54 92 10 43 66 19 69 0 77 95 
32 14 30 64 93 17 54 30 29 76 13 77 0 11 
82 35 32 52 90 34 36 38 5 86 67 95 11 0 
