0 66 15 79 14 74 68 15 92 89 75 18 82 97 16 
66 0 97 92 96 10 40 49 25 100 57 47 98 4 72 
15 97 0 97 17 31 30 69 51 20 1 75 98 7 79 
79 92 97 0 25 24 9 85 85 46 93 31 59 7 87 
14 96 17 25 0 26 26 82 46 43 12 46 97 56 32 
74 10 31 24 26 0 3 55 17 4 88 15 26 46 93 
68 40 30 9 26 3 0 100 58 7 91 59 86 55 94 
15 49 69 85 82 55 100 0 21 60 67 12 1 87 27 
92 25 51 85 46 17 58 21 0 86 92 14 3 40 93 
89 100 20 46 43 4 7 60 86 0 42 4 64 27 53 
75 57 1 93 12 88 91 67 92 42 0 5 5 89 49 
18 47 75 31 46 15 59 12 14 4 5 0 2 99 57 
82 98 98 59 97 26 86 1 3 64 5 2 0 90 53 
97 4 7 7 56 46 55 87 40 27 89 99 90 0 31 
16 72 79 87 32 93 94 27 93 53 49 57 53 31 0 
