0 40 87 100 45 72 76 50 65 12 56 8 12 22 24 44 
40 0 50 4 14 88 97 92 19 47 27 83 56 39 8 18 
87 50 0 89 36 3 44 3 25 70 88 27 63 52 89 42 
100 4 89 0 45 69 19 59 73 55 84 96 34 44 3 6 
45 14 36 45 0 96 84 88 32 23 68 55 34 95 79 15 
72 88 3 69 96 0 48 63 52 99 16 41 31 77 58 27 
76 97 44 19 84 48 0 67 88 50 65 95 68 89 29 55 
50 92 3 59 88 63 67 0 8 79 59 27 75 39 82 4 
65 19 25 73 32 52 88 8 0 81 2 13 59 88 66 7 
12 47 70 55 23 99 50 79 81 0 52 46 91 57 58 67 
56 27 88 84 68 16 65 59 2 52 0 30 17 97 28 2 
8 83 27 96 55 41 95 27 13 46 30 0 69 29 12 84 
12 56 63 34 34 31 68 75 59 91 17 69 0 54 67 1 
22 39 52 44 95 77 89 39 88 57 97 29 54 0 21 23 
24 8 89 3 79 58 29 82 66 58 28 12 67 21 0 44 
44 18 42 6 15 27 55 4 7 67 2 84 1 23 44 0 
