0 6 47 90 37 62 65 95 32 87 50 8 35 28 72 4 20 
6 0 22 41 46 55 58 78 80 64 42 96 44 15 71 52 58 
47 22 0 59 22 23 13 17 95 34 12 95 8 88 15 25 43 
90 41 59 0 69 100 18 88 67 13 26 92 33 23 97 46 5 
37 46 22 69 0 45 25 96 72 80 53 67 90 8 62 23 46 
62 55 23 100 45 0 63 22 16 93 58 56 6 93 61 83 34 
65 58 13 18 25 63 0 90 88 75 48 39 17 42 15 16 53 
95 78 17 88 96 22 90 0 66 95 88 94 1 73 88 43 100 
32 80 95 67 72 16 88 66 0 85 62 39 83 60 54 74 37 
87 64 34 13 80 93 75 95 85 0 87 9 62 71 17 92 82 
50 42 12 26 53 58 48 88 62 87 0 39 58 93 9 37 17 
8 96 95 92 67 56 39 94 39 9 39 0 97 9 16 42 51 
35 44 8 33 90 6 17 1 83 62 58 97 0 52 56 69 65 
28 15 88 23 8 93 42 73 60 71 93 9 52 0 45 75 65 
72 71 15 97 62 61 15 88 54 17 9 16 56 45 0 52 97 
4 52 25 46 23 83 16 43 74 92 37 42 69 75 52 0 27 
20 58 43 5 46 34 53 100 37 82 17 51 65 65 97 27 0 
