0 24 22 52 9 68 16 27 33 95 37 4 69 18 54 21 71 6 
24 0 14 57 49 97 52 15 42 95 86 52 70 71 100 37 11 20 
22 14 0 67 8 41 4 82 59 80 64 46 48 56 36 13 20 38 
52 57 67 0 53 82 2 74 45 89 28 96 94 56 39 68 77 44 
9 49 8 53 0 43 86 27 53 14 32 60 43 33 85 46 27 38 
68 97 41 82 43 0 22 25 86 44 43 8 26 85 37 41 4 94 
16 52 4 2 86 22 0 68 64 80 84 80 14 48 61 18 7 19 
27 15 82 74 27 25 68 0 94 32 32 68 87 32 51 50 71 2 
33 42 59 45 53 86 64 94 0 13 98 91 93 42 93 7 26 36 
95 95 80 89 14 44 80 32 13 0 66 18 32 44 59 55 5 8 
37 86 64 28 32 43 84 32 98 66 0 14 33 83 22 72 79 55 
4 52 46 96 60 8 80 68 91 18 14 0 79 18 29 4 47 52 
69 70 48 94 43 26 14 87 93 32 33 79 0 9 82 75 21 45 
18 71 56 56 33 85 48 32 42 44 83 18 9 0 29 26 59 42 
54 100 36 39 85 37 61 51 93 59 22 29 82 29 0 4 40 19 
21 37 13 68 46 41 18 50 7 55 72 4 75 26 4 0 5 63 
71 11 20 77 27 4 7 71 26 5 79 47 21 59 40 5 0 58 
6 20 38 44 38 94 19 2 36 8 55 52 45 42 19 63 58 0 
