0 68 93 31 24 23 42 26 49 70 50 35 78 55 83 21 84 8 24 
68 0 44 47 53 76 2 60 57 11 45 92 97 68 100 92 69 61 16 
93 44 0 98 72 12 34 14 78 41 67 54 78 62 14 47 18 65 22 
31 47 98 0 11 36 10 51 45 3 92 71 4 94 74 33 44 90 68 
24 53 72 11 0 59 46 8 61 21 39 73 39 18 86 99 70 89 3 
23 76 12 36 59 0 40 98 90 40 34 87 52 89 3 53 12 76 11 
42 2 34 10 46 40 0 95 13 34 45 42 71 4 22 19 72 30 76 
26 60 14 51 8 98 95 0 98 20 83 68 48 13 16 99 28 13 23 
49 57 78 45 61 90 13 98 0 27 21 94 28 50 13 28 89 22 96 
70 11 41 3 21 40 34 20 27 0 57 33 42 13 8 68 26 29 47 
50 45 67 92 39 34 45 83 21 57 0 96 39 24 99 65 6 91 43 
35 92 54 71 73 87 42 68 94 33 96 0 100 20 16 32 65 18 24 
78 97 78 4 39 52 71 48 28 42 39 100 0 54 45 8 31 70 55 
55 68 62 94 18 89 4 13 50 13 24 20 54 0 30 88 11 100 10 
83 100 14 74 86 3 22 16 13 8 99 16 45 30 0 37 21 30 2 
21 92 47 33 99 53 19 99 28 68 65 32 8 88 37 0 56 48 12 
84 69 18 44 70 12 72 28 89 26 6 65 31 11 21 56 0 2 4 
8 61 65 90 89 76 30 13 22 29 91 18 70 100 30 48 2 0 85 
24 16 22 68 3 11 76 23 96 47 43 24 55 10 2 12 4 85 0 
