0 76 2 51 51 97 67 73 19 67 42 65 74 6 90 40 54 97 81 76 
76 0 29 60 60 41 59 70 100 32 91 64 61 91 84 43 43 20 15 66 
2 29 0 20 80 22 44 81 64 87 35 15 79 52 76 97 25 53 96 34 
51 60 20 0 66 90 99 94 91 76 85 55 69 59 41 60 53 95 39 65 
51 60 80 66 0 39 9 28 35 15 12 13 40 3 91 96 8 32 17 83 
97 41 22 90 39 0 65 23 73 11 32 60 65 3 95 45 56 12 33 99 
67 59 44 99 9 65 0 86 59 13 34 57 84 65 83 74 84 40 36 81 
73 70 81 94 28 23 86 0 70 100 22 76 99 43 75 4 73 50 44 31 
19 100 64 91 35 73 59 70 0 36 36 11 80 74 25 2 50 4 2 78 
67 32 87 76 15 11 13 100 36 0 53 18 29 13 39 71 28 97 27 28 
42 91 35 85 12 32 34 22 36 53 0 72 76 95 86 85 24 56 59 28 
65 64 15 55 13 60 57 76 11 18 72 0 19 38 32 12 57 20 93 45 
74 61 79 69 40 65 84 99 80 29 76 19 0 92 71 46 59 85 55 64 
6 91 52 59 3 3 65 43 74 13 95 38 92 0 51 60 64 38 13 44 
90 84 76 41 91 95 83 75 25 39 86 32 71 51 0 10 64 56 47 71 
40 43 97 60 96 45 74 4 2 71 85 12 46 60 10 0 28 93 71 7 
54 43 25 53 8 56 84 73 50 28 24 57 59 64 64 28 0 38 91 56 
97 20 53 95 32 12 40 50 4 97 56 20 85 38 56 93 38 0 39 46 
81 15 96 39 17 33 36 44 2 27 59 93 55 13 47 71 91 39 0 22 
76 66 34 65 83 99 81 31 78 28 28 45 64 44 71 7 56 46 22 0 
