0 20 18 97 59 90 56 31 84 49 64 95 95 35 93 94 94 52 15 10 89 
20 0 92 44 67 64 17 85 64 28 29 7 45 58 28 41 12 10 46 33 92 
18 92 0 52 88 74 34 93 23 6 64 60 20 50 64 63 5 20 42 40 42 
97 44 52 0 66 80 73 81 29 92 13 76 23 57 49 72 63 6 54 82 57 
59 67 88 66 0 55 36 70 40 92 89 52 28 19 72 24 68 60 86 41 21 
90 64 74 80 55 0 32 12 18 21 67 67 50 1 76 90 2 58 71 66 22 
56 17 34 73 36 32 0 35 6 49 59 33 87 21 6 19 51 68 97 9 98 
31 85 93 81 70 12 35 0 69 7 54 47 99 31 2 23 66 53 99 91 30 
84 64 23 29 40 18 6 69 0 16 36 11 53 66 1 62 85 20 55 62 66 
49 28 6 92 92 21 49 7 16 0 2 42 46 99 53 51 5 93 29 57 99 
64 29 64 13 89 67 59 54 36 2 0 13 62 53 13 4 22 30 75 85 81 
95 7 60 76 52 67 33 47 11 42 13 0 72 61 74 22 97 49 96 10 87 
95 45 20 23 28 50 87 99 53 46 62 72 0 76 31 96 47 93 99 84 40 
35 58 50 57 19 1 21 31 66 99 53 61 76 0 75 94 98 4 24 60 83 
93 28 64 49 72 76 6 2 1 53 13 74 31 75 0 21 43 12 75 88 34 
94 41 63 72 24 90 19 23 62 51 4 22 96 94 21 0 7 18 33 2 45 
94 12 5 63 68 2 51 66 85 5 22 97 47 98 43 7 0 37 18 1 10 
52 10 20 6 60 58 68 53 20 93 30 49 93 4 12 18 37 0 17 18 57 
15 46 42 54 86 71 97 99 55 29 75 96 99 24 75 33 18 17 0 53 11 
10 33 40 82 41 66 9 91 62 57 85 10 84 60 88 2 1 18 53 0 21 
89 92 42 57 21 22 98 30 66 99 81 87 40 83 34 45 10 57 11 21 0 
