0 49 46 51 41 26 75 9 6 23 62 4 71 3 15 100 55 11 77 58 51 59 
49 0 17 83 57 77 67 54 27 1 62 46 16 4 75 26 97 13 20 36 38 79 
46 17 0 93 73 75 77 92 16 28 61 77 97 22 50 14 55 77 28 94 57 81 
51 83 93 0 35 74 11 61 33 93 100 47 29 54 63 32 93 56 23 72 91 47 
41 57 73 35 0 88 25 21 67 94 30 24 46 12 84 38 67 70 93 89 40 60 
26 77 75 74 88 0 60 3 40 94 29 98 9 82 86 11 32 47 31 14 66 45 
75 67 77 11 25 60 0 51 26 59 23 7 1 77 8 8 41 45 73 32 21 19 
9 54 92 61 21 3 51 0 94 1 70 72 52 28 55 94 6 28 14 18 30 23 
6 27 16 33 67 40 26 94 0 17 77 11 42 79 64 59 63 33 9 45 14 55 
23 1 28 93 94 94 59 1 17 0 4 62 54 13 52 75 79 86 60 21 77 58 
62 62 61 100 30 29 23 70 77 4 0 82 52 54 88 97 91 6 79 12 39 22 
4 46 77 47 24 98 7 72 11 62 82 0 30 65 42 61 27 54 54 24 37 54 
71 16 97 29 46 9 1 52 42 54 52 30 0 20 53 60 65 44 8 8 59 95 
3 4 22 54 12 82 77 28 79 13 54 65 20 0 50 13 72 51 87 24 84 24 
15 75 50 63 84 86 8 55 64 52 88 42 53 50 0 65 84 98 93 4 91 13 
100 26 14 32 38 11 8 94 59 75 97 61 60 13 65 0 26 36 85 79 12 26 
55 97 55 93 67 32 41 6 63 79 91 27 65 72 84 26 0 43 53 55 60 61 
11 13 77 56 70 47 45 28 33 86 6 54 44 51 98 36 43 0 92 39 50 26 
77 20 28 23 93 31 73 14 9 60 79 54 8 87 93 85 53 92 0 45 94 85 
58 36 94 72 89 14 32 18 45 21 12 24 8 24 4 79 55 39 45 0 38 77 
51 38 57 91 40 66 21 30 14 77 39 37 59 84 91 12 60 50 94 38 0 81 
59 79 81 47 60 45 19 23 55 58 22 54 95 24 13 26 61 26 85 77 81 0 
