0 46 40 45 44 38 50 77 49 49 13 17 37 51 77 89 37 69 42 98 100 8 35 
46 0 33 28 22 50 12 86 27 95 23 23 83 87 96 86 58 57 84 8 18 97 97 
40 33 0 82 32 1 24 50 96 74 89 81 80 91 95 69 17 91 19 88 17 82 76 
45 28 82 0 72 36 61 38 87 32 1 37 75 1 11 88 98 62 92 95 14 2 54 
44 22 32 72 0 46 52 65 90 15 83 74 17 23 36 90 2 69 30 81 13 38 34 
38 50 1 36 46 0 85 91 23 6 41 64 85 73 100 34 16 67 65 82 24 97 57 
50 12 24 61 52 85 0 91 75 56 83 46 71 15 48 33 53 60 3 25 9 82 91 
77 86 50 38 65 91 91 0 56 96 11 1 100 19 51 98 50 73 14 28 91 50 10 
49 27 96 87 90 23 75 56 0 90 45 61 61 92 56 37 1 39 12 18 83 82 44 
49 95 74 32 15 6 56 96 90 0 16 60 56 99 96 43 96 63 96 82 47 25 33 
13 23 89 1 83 41 83 11 45 16 0 54 4 86 10 10 34 66 19 53 96 57 92 
17 23 81 37 74 64 46 1 61 60 54 0 18 70 72 34 100 15 6 62 7 82 92 
37 83 80 75 17 85 71 100 61 56 4 18 0 60 18 78 44 86 77 55 19 42 35 
51 87 91 1 23 73 15 19 92 99 86 70 60 0 33 93 36 42 57 34 44 9 60 
77 96 95 11 36 100 48 51 56 96 10 72 18 33 0 76 11 54 21 29 71 77 79 
89 86 69 88 90 34 33 98 37 43 10 34 78 93 76 0 100 76 89 44 63 2 38 
37 58 17 98 2 16 53 50 1 96 34 100 44 36 11 100 0 16 23 45 22 94 26 
69 57 91 62 69 67 60 73 39 63 66 15 86 42 54 76 16 0 57 51 75 29 55 
42 84 19 92 30 65 3 14 12 96 19 6 77 57 21 89 23 57 0 73 77 63 12 
98 8 88 95 81 82 25 28 18 82 53 62 55 34 29 44 45 51 73 0 100 70 85 
100 18 17 14 13 24 9 91 83 47 96 7 19 44 71 63 22 75 77 100 0 66 60 
8 97 82 2 38 97 82 50 82 25 57 82 42 9 77 2 94 29 63 70 66 0 15 
35 97 76 54 34 57 91 10 44 33 92 92 35 60 79 38 26 55 12 85 60 15 0 
