0 36 61 83 89 66 96 33 68 95 26 18 54 15 69 20 65 25 7 7 74 4 41 10 
36 0 83 83 9 72 4 100 60 91 1 10 41 39 58 25 79 49 10 11 82 97 59 52 
61 83 0 100 54 31 100 61 43 15 10 88 42 18 70 14 61 96 10 21 11 92 85 28 
83 83 100 0 37 62 24 46 71 36 23 14 60 67 8 27 18 91 8 12 88 95 56 51 
89 9 54 37 0 79 28 77 89 81 4 78 41 1 54 49 27 67 3 61 3 55 95 8 
66 72 31 62 79 0 78 24 61 7 67 40 91 42 30 48 68 28 87 75 14 36 93 61 
96 4 100 24 28 78 0 38 98 44 24 34 42 24 97 70 5 55 1 35 51 14 54 96 
33 100 61 46 77 24 38 0 7 61 11 45 49 52 89 57 68 20 24 52 81 9 74 98 
68 60 43 71 89 61 98 7 0 5 3 100 51 53 6 24 62 41 30 25 40 87 90 63 
95 91 15 36 81 7 44 61 5 0 18 44 38 41 65 41 78 29 12 5 63 93 41 47 
26 1 10 23 4 67 24 11 3 18 0 45 42 11 24 88 93 55 77 36 34 76 1 96 
18 10 88 14 78 40 34 45 100 44 45 0 83 26 88 6 77 24 14 91 60 91 49 92 
54 41 42 60 41 91 42 49 51 38 42 83 0 6 49 5 14 85 89 5 16 40 57 56 
15 39 18 67 1 42 24 52 53 41 11 26 6 0 3 91 53 18 97 45 4 98 96 19 
69 58 70 8 54 30 97 89 6 65 24 88 49 3 0 78 82 14 29 65 9 68 19 27 
20 25 14 27 49 48 70 57 24 41 88 6 5 91 78 0 63 87 27 48 66 28 5 86 
65 79 61 18 27 68 5 68 62 78 93 77 14 53 82 63 0 40 68 59 2 63 49 30 
25 49 96 91 67 28 55 20 41 29 55 24 85 18 14 87 40 0 23 67 88 95 38 64 
7 10 10 8 3 87 1 24 30 12 77 14 89 97 29 27 68 23 0 54 90 89 33 70 
7 11 21 12 61 75 35 52 25 5 36 91 5 45 65 48 59 67 54 0 94 81 35 83 
74 82 11 88 3 14 51 81 40 63 34 60 16 4 9 66 2 88 90 94 0 84 60 89 
4 97 92 95 55 36 14 9 87 93 76 91 40 98 68 28 63 95 89 81 84 0 89 78 
41 59 85 56 95 93 54 74 90 41 1 49 57 96 19 5 49 38 33 35 60 89 0 31 
10 52 28 51 8 61 96 98 63 47 96 92 56 19 27 86 30 64 70 83 89 78 31 0 
