0 85 93 32 83 33 34 30 19 45 53 19 44 89 33 65 24 32 94 2 63 5 59 74 82 
85 0 60 97 77 47 77 88 33 95 19 93 2 71 9 49 33 91 81 48 18 47 22 58 43 
93 60 0 91 84 83 17 8 92 72 67 15 1 48 54 6 33 2 15 57 88 66 97 83 35 
32 97 91 0 33 48 76 70 3 61 61 83 99 4 16 90 1 41 18 57 54 10 25 85 6 
83 77 84 33 0 48 24 76 89 43 6 90 91 75 75 71 84 34 91 64 30 39 75 33 11 
33 47 83 48 48 0 56 72 3 95 64 57 15 93 41 29 37 17 50 80 98 90 74 73 6 
34 77 17 76 24 56 0 88 25 26 12 92 40 9 93 38 84 84 31 78 86 86 13 7 87 
30 88 8 70 76 72 88 0 97 2 12 7 29 75 66 61 74 77 19 13 11 62 10 18 27 
19 33 92 3 89 3 25 97 0 88 33 2 50 63 67 36 68 78 19 19 71 19 34 30 63 
45 95 72 61 43 95 26 2 88 0 77 67 93 77 60 31 42 78 99 87 55 51 71 27 58 
53 19 67 61 6 64 12 12 33 77 0 36 4 8 54 45 3 51 88 61 8 88 66 42 21 
19 93 15 83 90 57 92 7 2 67 36 0 90 50 81 20 70 26 68 62 70 93 71 52 37 
44 2 1 99 91 15 40 29 50 93 4 90 0 77 16 62 3 86 50 82 67 92 16 93 52 
89 71 48 4 75 93 9 75 63 77 8 50 77 0 84 39 92 78 72 38 8 95 1 64 58 
33 9 54 16 75 41 93 66 67 60 54 81 16 84 0 70 3 60 83 19 45 19 45 2 46 
65 49 6 90 71 29 38 61 36 31 45 20 62 39 70 0 30 22 82 13 86 7 80 15 89 
24 33 33 1 84 37 84 74 68 42 3 70 3 92 3 30 0 27 39 34 36 13 59 88 40 
32 91 2 41 34 17 84 77 78 78 51 26 86 78 60 22 27 0 40 93 19 69 94 4 93 
94 81 15 18 91 50 31 19 19 99 88 68 50 72 83 82 39 40 0 69 85 69 60 54 24 
2 48 57 57 64 80 78 13 19 87 61 62 82 38 19 13 34 93 69 0 7 89 22 1 20 
63 18 88 54 30 98 86 11 71 55 8 70 67 8 45 86 36 19 85 7 0 46 62 91 48 
5 47 66 10 39 90 86 62 19 51 88 93 92 95 19 7 13 69 69 89 46 0 39 50 85 
59 22 97 25 75 74 13 10 34 71 66 71 16 1 45 80 59 94 60 22 62 39 0 84 40 
74 58 83 85 33 73 7 18 30 27 42 52 93 64 2 15 88 4 54 1 91 50 84 0 75 
82 43 35 6 11 6 87 27 63 58 21 37 52 58 46 89 40 93 24 20 48 85 40 75 0 
