0 12 54 24 33 86 27 61 63 26 47 35 34 44 23 29 19 18 66 54 63 55 28 30 32 67 
12 0 77 30 34 46 73 88 17 52 3 73 10 35 98 28 100 61 30 27 48 87 59 30 30 27 
54 77 0 81 65 46 90 77 92 6 31 75 35 46 29 48 60 26 88 8 17 68 6 6 80 99 
24 30 81 0 73 38 74 80 79 31 47 31 90 92 69 37 28 30 90 70 26 78 50 37 74 17 
33 34 65 73 0 74 47 80 83 50 45 98 71 25 92 94 34 51 52 95 78 86 36 58 82 28 
86 46 46 38 74 0 64 19 33 8 42 45 58 40 75 7 51 8 18 19 89 8 37 57 82 84 
27 73 90 74 47 64 0 26 77 45 35 48 41 76 21 82 32 58 72 45 98 47 14 100 71 38 
61 88 77 80 80 19 26 0 46 97 79 3 59 95 84 37 36 23 32 27 75 67 27 68 58 23 
63 17 92 79 83 33 77 46 0 51 27 12 17 47 45 42 98 20 68 96 62 32 39 32 69 50 
26 52 6 31 50 8 45 97 51 0 8 48 43 26 23 100 67 46 99 32 99 89 50 55 7 61 
47 3 31 47 45 42 35 79 27 8 0 22 77 38 25 38 65 70 32 26 32 72 52 40 92 28 
35 73 75 31 98 45 48 3 12 48 22 0 28 20 91 72 36 2 76 40 74 28 80 19 70 35 
34 10 35 90 71 58 41 59 17 43 77 28 0 23 52 32 81 32 22 93 70 74 37 66 8 73 
44 35 46 92 25 40 76 95 47 26 38 20 23 0 96 100 42 52 53 21 61 18 49 61 81 37 
23 98 29 69 92 75 21 84 45 23 25 91 52 96 0 1 90 93 13 38 37 89 93 58 10 68 
29 28 48 37 94 7 82 37 42 100 38 72 32 100 1 0 82 29 13 48 84 5 35 50 82 33 
19 100 60 28 34 51 32 36 98 67 65 36 81 42 90 82 0 80 36 1 58 40 100 8 21 36 
18 61 26 30 51 8 58 23 20 46 70 2 32 52 93 29 80 0 37 73 46 64 44 5 94 9 
66 30 88 90 52 18 72 32 68 99 32 76 22 53 13 13 36 37 0 55 32 29 97 20 28 23 
54 27 8 70 95 19 45 27 96 32 26 40 93 21 38 48 1 73 55 0 95 86 19 2 56 99 
63 48 17 26 78 89 98 75 62 99 32 74 70 61 37 84 58 46 32 95 0 3 46 46 35 51 
55 87 68 78 86 8 47 67 32 89 72 28 74 18 89 5 40 64 29 86 3 0 14 44 79 54 
28 59 6 50 36 37 14 27 39 50 52 80 37 49 93 35 100 44 97 19 46 14 0 75 31 46 
30 30 6 37 58 57 100 68 32 55 40 19 66 61 58 50 8 5 20 2 46 44 75 0 14 46 
32 30 80 74 82 82 71 58 69 7 92 70 8 81 10 82 21 94 28 56 35 79 31 14 0 68 
67 27 99 17 28 84 38 23 50 61 28 35 73 37 68 33 36 9 23 99 51 54 46 46 68 0 
