0 84 32 6 62 74 59 98 51 35 94 42 12 6 75 49 20 38 20 10 38 19 72 62 36 71 24 
84 0 1 47 83 50 92 26 63 20 98 39 82 20 68 65 26 48 58 28 75 5 98 82 8 84 81 
32 1 0 60 8 96 14 61 37 30 43 18 28 7 2 54 69 83 10 63 5 13 59 88 75 25 45 
6 47 60 0 3 43 30 85 33 91 72 44 70 50 86 72 71 4 62 14 66 16 10 99 75 29 1 
62 83 8 3 0 74 29 78 28 91 49 82 36 56 30 90 35 63 21 63 58 43 70 35 91 29 92 
74 50 96 43 74 0 74 32 70 97 48 81 49 89 82 49 83 92 39 10 97 99 81 28 85 89 74 
59 92 14 30 29 74 0 35 9 72 13 81 97 26 35 66 36 8 85 40 95 61 1 30 93 56 21 
98 26 61 85 78 32 35 0 19 20 81 24 61 55 48 43 46 14 48 65 54 9 11 15 35 24 53 
51 63 37 33 28 70 9 19 0 4 6 34 33 39 67 92 16 54 12 57 42 54 29 72 74 72 36 
35 20 30 91 91 97 72 20 4 0 8 40 82 66 42 59 17 13 33 57 99 99 11 55 90 59 28 
94 98 43 72 49 48 13 81 6 8 0 65 85 90 86 16 40 65 9 74 12 21 49 68 96 46 95 
42 39 18 44 82 81 81 24 34 40 65 0 23 37 58 37 21 51 77 8 74 34 46 32 62 12 61 
12 82 28 70 36 49 97 61 33 82 85 23 0 94 76 7 40 51 14 40 14 16 48 88 56 93 79 
6 20 7 50 56 89 26 55 39 66 90 37 94 0 100 85 26 88 82 34 56 69 71 85 73 16 38 
75 68 2 86 30 82 35 48 67 42 86 58 76 100 0 18 89 82 82 6 38 96 60 100 32 59 69 
49 65 54 72 90 49 66 43 92 59 16 37 7 85 18 0 57 91 30 30 33 49 36 63 94 8 48 
20 26 69 71 35 83 36 46 16 17 40 21 40 26 89 57 0 66 67 19 78 29 7 63 97 26 23 
38 48 83 4 63 92 8 14 54 13 65 51 51 88 82 91 66 0 60 7 86 77 5 57 86 95 88 
20 58 10 62 21 39 85 48 12 33 9 77 14 82 82 30 67 60 0 63 75 82 43 74 16 92 17 
10 28 63 14 63 10 40 65 57 57 74 8 40 34 6 30 19 7 63 0 66 16 98 97 51 52 65 
38 75 5 66 58 97 95 54 42 99 12 74 14 56 38 33 78 86 75 66 0 86 81 92 3 60 83 
19 5 13 16 43 99 61 9 54 99 21 34 16 69 96 49 29 77 82 16 86 0 3 64 83 91 11 
72 98 59 10 70 81 1 11 29 11 49 46 48 71 60 36 7 5 43 98 81 3 0 96 78 98 3 
62 82 88 99 35 28 30 15 72 55 68 32 88 85 100 63 63 57 74 97 92 64 96 0 97 89 21 
36 8 75 75 91 85 93 35 74 90 96 62 56 73 32 94 97 86 16 51 3 83 78 97 0 34 27 
71 84 25 29 29 89 56 24 72 59 46 12 93 16 59 8 26 95 92 52 60 91 98 89 34 0 64 
24 81 45 1 92 74 21 53 36 28 95 61 79 38 69 48 23 88 17 65 83 11 3 21 27 64 0 
