0 22 76 7 44 83 54 27 19 38 23 39 21 59 44 9 73 17 98 31 71 31 69 29 41 75 37 14 
22 0 59 13 91 7 13 64 89 66 46 70 53 32 77 60 11 31 14 28 62 29 37 24 93 100 82 21 
76 59 0 100 60 89 89 75 13 69 74 23 63 25 26 62 3 64 91 32 16 70 96 8 63 77 3 85 
7 13 100 0 17 64 42 91 63 47 60 96 27 60 54 67 31 9 83 41 38 19 90 87 9 51 20 76 
44 91 60 17 0 32 5 41 13 86 93 6 81 92 92 67 16 70 92 61 23 63 75 19 91 75 83 38 
83 7 89 64 32 0 89 49 76 27 16 8 35 42 42 29 100 42 51 90 11 66 75 98 56 13 43 25 
54 13 89 42 5 89 0 36 33 53 26 22 57 93 11 98 82 65 96 21 75 11 78 50 32 90 54 78 
27 64 75 91 41 49 36 0 95 61 6 40 11 49 88 30 83 28 40 3 80 89 14 81 14 32 13 27 
19 89 13 63 13 76 33 95 0 54 36 6 72 95 73 59 59 48 65 14 10 65 53 49 34 7 46 5 
38 66 69 47 86 27 53 61 54 0 87 60 62 52 68 74 72 63 6 95 86 79 46 10 65 34 80 2 
23 46 74 60 93 16 26 6 36 87 0 11 30 60 87 6 41 61 10 58 71 11 59 54 73 47 58 71 
39 70 23 96 6 8 22 40 6 60 11 0 3 9 27 24 69 65 18 63 77 58 86 75 98 41 8 28 
21 53 63 27 81 35 57 11 72 62 30 3 0 6 59 28 46 91 51 8 42 7 39 22 76 47 9 96 
59 32 25 60 92 42 93 49 95 52 60 9 6 0 64 1 73 29 53 15 97 30 16 69 60 11 31 16 
44 77 26 54 92 42 11 88 73 68 87 27 59 64 0 73 83 49 63 52 8 89 5 67 75 36 77 58 
9 60 62 67 67 29 98 30 59 74 6 24 28 1 73 0 35 62 76 99 41 21 95 39 10 100 39 56 
73 11 3 31 16 100 82 83 59 72 41 69 46 73 83 35 0 82 38 8 95 74 34 72 44 59 50 5 
17 31 64 9 70 42 65 28 48 63 61 65 91 29 49 62 82 0 68 1 51 74 5 85 46 17 4 45 
98 14 91 83 92 51 96 40 65 6 10 18 51 53 63 76 38 68 0 86 26 24 95 34 28 19 10 36 
31 28 32 41 61 90 21 3 14 95 58 63 8 15 52 99 8 1 86 0 1 62 21 98 2 97 35 72 
71 62 16 38 23 11 75 80 10 86 71 77 42 97 8 41 95 51 26 1 0 24 3 42 1 47 61 72 
31 29 70 19 63 66 11 89 65 79 11 58 7 30 89 21 74 74 24 62 24 0 32 87 21 8 62 50 
69 37 96 90 75 75 78 14 53 46 59 86 39 16 5 95 34 5 95 21 3 32 0 75 96 65 94 3 
29 24 8 87 19 98 50 81 49 10 54 75 22 69 67 39 72 85 34 98 42 87 75 0 37 75 91 12 
41 93 63 9 91 56 32 14 34 65 73 98 76 60 75 10 44 46 28 2 1 21 96 37 0 6 50 84 
75 100 77 51 75 13 90 32 7 34 47 41 47 11 36 100 59 17 19 97 47 8 65 75 6 0 48 88 
37 82 3 20 83 43 54 13 46 80 58 8 9 31 77 39 50 4 10 35 61 62 94 91 50 48 0 20 
14 21 85 76 38 25 78 27 5 2 71 28 96 16 58 56 5 45 36 72 72 50 3 12 84 88 20 0 
