0 12 23 11 84 26 59 7 27 55 58 30 96 72 56 36 85 42 65 48 94 5 45 3 20 27 30 69 32 
12 0 13 50 1 89 73 59 20 55 97 79 98 77 53 3 88 85 7 43 21 85 100 57 1 63 40 25 71 
23 13 0 80 44 68 94 87 29 33 47 42 36 81 28 22 72 87 66 28 66 9 81 98 16 53 99 89 66 
11 50 80 0 18 43 15 32 49 71 28 94 95 35 97 70 53 68 10 19 82 22 28 45 100 100 67 43 64 
84 1 44 18 0 15 52 19 39 55 16 34 85 62 37 67 57 36 16 52 40 62 63 50 4 1 92 80 23 
26 89 68 43 15 0 77 29 61 92 87 30 25 82 41 2 45 89 37 85 30 57 41 54 91 11 74 41 13 
59 73 94 15 52 77 0 20 55 25 85 13 29 25 68 84 70 69 12 86 13 91 67 93 9 29 2 48 38 
7 59 87 32 19 29 20 0 84 14 85 73 95 82 70 79 89 21 65 90 80 29 54 60 52 95 43 29 40 
27 20 29 49 39 61 55 84 0 49 77 12 3 98 59 65 93 77 30 75 97 74 40 90 70 12 25 51 51 
55 55 33 71 55 92 25 14 49 0 6 100 19 51 8 77 74 82 31 23 28 19 40 86 14 16 21 28 87 
58 97 47 28 16 87 85 85 77 6 0 52 56 79 88 18 77 69 35 97 31 65 8 87 74 55 12 42 26 
30 79 42 94 34 30 13 73 12 100 52 0 83 90 74 33 18 99 71 91 39 53 55 99 4 44 36 28 94 
96 98 36 95 85 25 29 95 3 19 56 83 0 69 5 80 60 30 2 91 39 23 62 56 42 83 45 46 69 
72 77 81 35 62 82 25 82 98 51 79 90 69 0 32 70 43 97 14 75 82 77 36 95 19 41 30 55 74 
56 53 28 97 37 41 68 70 59 8 88 74 5 32 0 51 61 35 34 37 92 50 25 13 20 57 89 9 18 
36 3 22 70 67 2 84 79 65 77 18 33 80 70 51 0 14 94 61 73 35 9 13 81 43 94 39 98 44 
85 88 72 53 57 45 70 89 93 74 77 18 60 43 61 14 0 6 54 16 29 23 91 62 30 10 66 92 71 
42 85 87 68 36 89 69 21 77 82 69 99 30 97 35 94 6 0 78 37 58 21 27 43 100 82 100 41 80 
65 7 66 10 16 37 12 65 30 31 35 71 2 14 34 61 54 78 0 4 17 86 99 54 30 89 13 9 26 
48 43 28 19 52 85 86 90 75 23 97 91 91 75 37 73 16 37 4 0 5 90 24 63 18 92 16 38 35 
94 21 66 82 40 30 13 80 97 28 31 39 39 82 92 35 29 58 17 5 0 69 77 79 18 48 35 29 38 
5 85 9 22 62 57 91 29 74 19 65 53 23 77 50 9 23 21 86 90 69 0 23 96 1 91 26 10 76 
45 100 81 28 63 41 67 54 40 40 8 55 62 36 25 13 91 27 99 24 77 23 0 49 58 86 73 48 56 
3 57 98 45 50 54 93 60 90 86 87 99 56 95 13 81 62 43 54 63 79 96 49 0 69 56 90 84 30 
20 1 16 100 4 91 9 52 70 14 74 4 42 19 20 43 30 100 30 18 18 1 58 69 0 81 97 95 2 
27 63 53 100 1 11 29 95 12 16 55 44 83 41 57 94 10 82 89 92 48 91 86 56 81 0 24 69 4 
30 40 99 67 92 74 2 43 25 21 12 36 45 30 89 39 66 100 13 16 35 26 73 90 97 24 0 26 31 
69 25 89 43 80 41 48 29 51 28 42 28 46 55 9 98 92 41 9 38 29 10 48 84 95 69 26 0 85 
32 71 66 64 23 13 38 40 51 87 26 94 69 74 18 44 71 80 26 35 38 76 56 30 2 4 31 85 0 
