0 15 96 61 71 20 3 
15 0 61 62 1 57 59 
96 61 0 53 76 83 63 
61 62 53 0 85 37 38 
71 1 76 85 0 92 28 
20 57 83 37 92 0 42 
3 59 63 38 28 42 0 
