0 97 1 55 84 78 97 62 49 
97 0 88 47 77 67 25 48 39 
1 88 0 22 46 81 92 98 16 
55 47 22 0 27 29 63 13 31 
84 77 46 27 0 1 7 33 90 
78 67 81 29 1 0 12 56 56 
97 25 92 63 7 12 0 47 33 
62 48 98 13 33 56 47 0 35 
49 39 16 31 90 56 33 35 0 
